0.53 0.47 9.26 0.06
0.0 0.0 100.0 0.0
0.0 0.0 100.0 0.0
1.0 0.0 3.0 1.0
1.0 0.0 3.0 1.0
1.0 0.0 3.0 1.0
1.0 0.0 3.0 1.0
1.0 0.0 3.0 1.0
1.0 0.0 3.0 1.0
1.0 0.0 3.0 1.0
1.0 0.0 3.0 1.0
1.0 0.0 3.0 1.0
1.0 0.0 3.0 1.0
1.0 0.0 3.0 1.0
1.0 0.0 3.0 1.0
1.0 0.0 3.0 1.0
1.0 0.0 3.0 1.0
1.0 0.0 3.0 1.0
1.0 0.0 3.0 1.0
1.0 0.0 3.0 1.0
1.0 0.0 3.0 1.0
1.0 0.0 3.0 1.0
1.0 0.0 3.0 1.0
1.0 0.0 3.0 1.0
1.0 0.0 3.0 1.0
1.0 0.0 3.0 1.0
1.0 0.0 3.0 1.0
1.0 0.0 3.0 1.0
1.0 0.0 3.0 1.0
1.0 0.0 3.0 1.0
1.0 0.0 3.0 1.0
1.0 0.0 3.0 1.0
1.0 0.0 3.0 1.0
1.0 0.0 3.0 1.0
1.0 0.0 3.0 1.0
1.0 0.0 3.0 1.0
1.0 0.0 3.0 1.0
1.0 0.0 3.0 1.0
1.0 0.0 3.0 1.0
1.0 0.0 3.0 1.0
1.0 0.0 3.0 1.0
1.0 0.0 3.0 1.0
1.0 0.0 3.0 1.0
1.0 0.0 3.0 1.0
1.0 0.0 3.0 1.0
1.0 0.0 3.0 1.0
1.0 0.0 3.0 1.0
1.0 0.0 3.0 1.0
1.0 0.0 3.0 1.0
1.0 0.0 3.0 1.0
1.0 0.0 3.0 1.0
1.0 0.0 3.0 1.0
1.0 0.0 3.0 1.0
1.0 0.0 3.0 1.0
1.0 0.0 3.0 1.0
1.0 0.0 3.0 1.0
1.0 0.0 3.0 1.0
1.0 0.0 3.0 1.0
1.0 0.0 3.0 1.0
1.0 0.0 3.0 1.0
1.0 0.0 3.0 1.0
1.0 0.0 3.0 1.0
1.0 0.0 3.0 1.0
1.0 0.0 3.0 1.0
1.0 0.0 3.0 1.0
1.0 0.0 3.0 1.0
1.0 0.0 3.0 1.0
1.0 0.0 3.0 1.0
1.0 0.0 3.0 1.0
1.0 0.0 3.0 1.0
1.0 0.0 3.0 1.0
1.0 0.0 3.0 1.0
1.0 0.0 3.0 1.0
1.0 0.0 3.0 1.0
1.0 0.0 3.0 1.0
1.0 0.0 3.0 1.0
1.0 0.0 3.0 1.0
1.0 0.0 3.0 1.0
1.0 0.0 3.0 1.0
1.0 0.0 3.0 1.0
1.0 0.0 3.0 1.0
1.0 0.0 3.0 1.0
1.0 0.0 3.0 1.0
1.0 0.0 3.0 1.0
1.0 0.0 3.0 1.0
1.0 0.0 3.0 1.0
1.0 0.0 3.0 1.0
1.0 0.0 3.0 1.0
1.0 0.0 3.0 1.0
1.0 0.0 3.0 1.0
1.0 0.0 3.0 1.0
1.0 0.0 3.0 1.0
1.0 0.0 3.0 1.0
1.0 0.0 3.0 1.0
1.0 0.0 3.0 1.0
1.0 0.0 3.0 1.0
1.0 0.0 3.0 1.0
1.0 0.0 3.0 1.0
1.0 0.0 3.0 1.0
1.0 0.0 3.0 1.0
1.0 0.0 3.0 1.0
1.0 0.0 3.0 1.0
1.0 0.0 3.0 1.0
1.0 0.0 3.0 1.0
1.0 0.0 3.0 1.0
1.0 0.0 3.0 1.0
1.0 0.0 3.0 1.0
1.0 0.0 3.0 1.0
1.0 0.0 3.0 1.0
1.0 0.0 3.0 1.0
1.0 0.0 3.0 1.0
1.0 0.0 3.0 1.0
1.0 0.0 3.0 1.0
1.0 0.0 3.0 1.0
1.0 0.0 3.0 1.0
1.0 0.0 3.0 1.0
1.0 0.0 3.0 1.0
1.0 0.0 3.0 1.0
1.0 0.0 3.0 1.0
1.0 0.0 3.0 1.0
1.0 0.0 3.0 1.0
1.0 0.0 3.0 1.0
1.0 0.0 3.0 1.0
1.0 0.0 3.0 1.0
1.0 0.0 3.0 1.0
1.0 0.0 3.0 1.0
1.0 0.0 3.0 1.0
1.0 0.0 3.0 1.0
1.0 0.0 3.0 1.0
1.0 0.0 3.0 1.0
1.0 0.0 3.0 1.0
1.0 0.0 3.0 1.0
1.0 0.0 3.0 1.0
1.0 0.0 3.0 1.0
1.0 0.0 3.0 1.0
1.0 0.0 3.0 1.0
1.0 0.0 3.0 1.0
1.0 0.0 3.0 1.0
1.0 0.0 3.0 1.0
1.0 0.0 3.0 1.0
1.0 0.0 3.0 1.0
1.0 0.0 3.0 1.0
1.0 0.0 3.0 1.0
1.0 0.0 3.0 1.0
1.0 0.0 3.0 1.0
1.0 0.0 3.0 1.0
1.0 0.0 3.0 1.0
1.0 0.0 3.0 1.0
1.0 0.0 3.0 1.0
1.0 0.0 3.0 1.0
1.0 0.0 3.0 1.0
1.0 0.0 3.0 1.0
1.0 0.0 3.0 1.0
1.0 0.0 3.0 1.0
1.0 0.0 3.0 1.0
1.0 0.0 3.0 1.0
1.0 0.0 3.0 1.0
1.0 0.0 3.0 1.0
1.0 0.0 3.0 1.0
1.0 0.0 3.0 1.0
1.0 0.0 3.0 1.0
1.0 0.0 3.0 1.0
1.0 0.0 3.0 1.0
1.0 0.0 3.0 1.0
1.0 0.0 3.0 1.0
1.0 0.0 3.0 1.0
1.0 0.0 3.0 1.0
1.0 0.0 3.0 1.0
1.0 0.0 3.0 1.0
1.0 0.0 3.0 1.0
1.0 0.0 3.0 1.0
1.0 0.0 3.0 1.0
1.0 0.0 3.0 1.0
